[Profil]
rootx = [1.0, 0.965925826, 0.866025404, 0.707106781, 0.5, 0.258819045, 0.0, -0.258819045, -0.5, -0.707106781, -0.866025404, -0.965925826, -1.0, -0.965925826, -0.866025404, -0.707106781, -0.5, -0.258819045, 0.0, 0.258819045, 0.5, 0.707106781, 0.866025404, 0.965925826]
rooty = [0.0, 0.258819045, 0.5, 0.707106781, 0.866025404, 0.965925826, 1.0, 0.965925826, 0.866025404, 0.707106781, 0.5, 0.258819045, 0.0, -0.258819045, -0.5, -0.707106781, -0.866025404, -0.965925826, -1.0, -0.965925826, -0.866025404, -0.707106781, -0.5, -0.258819045]
tipx = [1.0, 0.965925826, 0.866025404, 0.707106781, 0.5, 0.258819045, 0.0, -0.258819045, -0.5, -0.707106781, -0.866025404, -0.965925826, -1.0, -0.965925826, -0.866025404, -0.707106781, -0.5, -0.258819045, 0.0, 0.258819045, 0.5, 0.707106781, 0.866025404, 0.965925826]
tipy = [0.0, 0.258819045, 0.5, 0.707106781, 0.866025404, 0.965925826, 1.0, 0.965925826, 0.866025404, 0.707106781, 0.5, 0.258819045, 0.0, -0.258819045, -0.5, -0.707106781, -0.866025404, -0.965925826, -1.0, -0.965925826, -0.866025404, -0.707106781, -0.5, -0.258819045]
nameroot = C:/temp/cercle.dat
nametip = C:/temp/cercle.dat

[Transform]
croot = 20.0
ctip = 10.0
incidenceroot = 0.0
thicknessroot = 100.0
vinvertroot = 0
incidencetip = 0.0
thicknesstip = 100.0
vinverttip = 0
covering = 0.0
keepchord = 0
autosynchro = 1
nbrpoints = 20
repartition = 1.0
reducepoints = 0

[Bloc]
bloclx = 600.0
blochz = 50.0
fleading = 5.0
ftrailing = -5.0
mleading = 5.0
mtrailingroot = 10.0
mtrailingtip = 10.0
leftrightwing = Left
blocposition = Left
bloctotableleft = 100.0
bloctotableright = 260.0
bloctotabletrailingroot = 50
bloctotabletrailingtip = 55
bloctotableleadingroot = 85
bloctotableleadingtip = 80
htrailingroot = 20.0
htrailingtip = 20.0
hleadingroot = 20.0
hleadingtip = 20.0
hmaxroot = 20.227161160036612
hmaxtip = 25.113580580018308
hminroot = 10.189300966703279
hmintip = 15.09465048335164
hoffset = 10.0
alignprofil = Trailing
hprofil = 20.0

[Material]
mspeedhigh = 10.0
mspeedhalf = 5.0
mspeedlow = 1.0
mradsphigh = 0.9
mradsphalf = 1.5
mheatsphigh = 90
mheatsplow = 40
mname = No material name

[Table]
tableyy = 1000.0
tableyg = 20.0
tableyd = 20.0
cmaxy = 500.0
cmaxz = 200.0
vmaxy = 10.0
vmaxz = 5.0
theatingmax = 100.0
tname = No table name
tcomport = COM6
tbaudrate = 115200
tpreheat = 5.0
tpostheat = 5.0

[Cut]
vcut = 5.0
gcodestart1 = G90 G21 M3
gcodestart2 = G04 P5.0
gcodestart3 = G01 X0 F120 S60
gcodestart4 = 
gcodeend1 = G04 P5.0
gcodeend2 = M5
gcodeend3 = M2
gcodeend4 = 
gcodeletters = XYZA

[Guillotine]
gvspeednocut = 5.0
ghspeednocut = 5.0
gcuttingspeed = 5.0
gapplycalculatedheating = 1
gheating = 62.22222222222222
gtype = Vertical
gcuttingwhile = Both
gvdist = 10.0
ghdist = 10.0

